PRICE = 20869.02669490956 + -58.70446970856989(departure_time) + 2362.9346702970633(stops) + 409.04584631867436(arrival_time) + 21172.558944646607(class) + 591.6639996414028(duration) + -1757.7466950622377(days_left)
Training Time: 4s

Logs:
MSE: 51856593.19381129
RMSE: 7201.152212931712
MAE: 4629.280561156204
R2: 0.9000634717268421